output = [
   0     0     0;
   1     0     0;
   2    25    25;
   3    50    50;
   4    75    75;
   5   101   101;
   6   126   126;
   7   151   151;
   8   176   176;
   9   201   201;
  10   226   226;
  11   251   251;
  12   276   276;
  13   302   302;
  14   327   327;
  15   352   352;
  16   377   377;
  17   402   402;
  18   427   427;
  19   452   452;
  20   477   477;
  21   503   503;
  22   528   528;
  23   553   553;
  24   578   578;
  25   603   603;
  26   628   628;
  27   653   653;
  28   678   678;
  29   704   704;
  30   729   729;
  31   754   754;
  32   779   779;
  33   804   804;
  34   829   829;
  35   854   854;
  36   879   879;
  37   904   904;
  38   929   929;
  39   955   955;
  40   980   980;
  41  1005  1005;
  42  1030  1030;
  43  1055  1055;
  44  1080  1080;
  45  1105  1105;
  46  1130  1130;
  47  1155  1155;
  48  1180  1180;
  49  1205  1205;
  50  1230  1230;
  51  1255  1255;
  52  1280  1280;
  53  1306  1306;
  54  1331  1331;
  55  1356  1356;
  56  1381  1381;
  57  1406  1406;
  58  1431  1431;
  59  1456  1456;
  60  1481  1481;
  61  1506  1506;
  62  1531  1531;
  63  1556  1556;
  64  1581  1581;
  65  1606  1606;
  66  1631  1631;
  67  1656  1656;
  68  1681  1681;
  69  1706  1706;
  70  1731  1731;
  71  1756  1756;
  72  1781  1781;
  73  1806  1806;
  74  1831  1831;
  75  1856  1856;
  76  1881  1881;
  77  1906  1906;
  78  1931  1931;
  79  1956  1956;
  80  1981  1981;
  81  2006  2006;
  82  2030  2030;
  83  2055  2055;
  84  2080  2080;
  85  2105  2105;
  86  2130  2130;
  87  2155  2155;
  88  2180  2180;
  89  2205  2205;
  90  2230  2230;
  91  2255  2255;
  92  2280  2280;
  93  2305  2305;
  94  2329  2329;
  95  2354  2354;
  96  2379  2379;
  97  2404  2404;
  98  2429  2429;
  99  2454  2454;
 100  2478  2478;
 101  2503  2503;
 102  2528  2528;
 103  2553  2553;
 104  2578  2578;
 105  2603  2603;
 106  2627  2627;
 107  2652  2652;
 108  2677  2677;
 109  2702  2702;
 110  2727  2727;
 111  2752  2752;
 112  2776  2776;
 113  2801  2801;
 114  2826  2826;
 115  2851  2851;
 116  2875  2875;
 117  2900  2900;
 118  2924  2924;
 119  2949  2949;
 120  2974  2974;
 121  2999  2999;
 122  3023  3023;
 123  3048  3048;
 124  3073  3073;
 125  3098  3098;
 126  3122  3122;
 127  3147  3147;
 128  3171  3171;
 129  3196  3196;
 130  3221  3221;
 131  3246  3246;
 132  3270  3270;
 133  3295  3295;
 134  3319  3319;
 135  3344  3344;
 136  3368  3368;
 137  3393  3393;
 138  3417  3417;
 139  3442  3442;
 140  3467  3467;
 141  3492  3492;
 142  3516  3516;
 143  3541  3541;
 144  3565  3565;
 145  3590  3590;
 146  3614  3614;
 147  3639  3639;
 148  3663  3663;
 149  3688  3688;
 150  3712  3712;
 151  3737  3737;
 152  3761  3761;
 153  3786  3786;
 154  3810  3810;
 155  3835  3835;
 156  3859  3859;
 157  3883  3883;
 158  3907  3907;
 159  3932  3932;
 160  3956  3956;
 161  3981  3981;
 162  4005  4005;
 163  4030  4030;
 164  4054  4054;
 165  4078  4078;
 166  4102  4102;
 167  4127  4127;
 168  4151  4151;
 169  4176  4176;
 170  4200  4200;
 171  4224  4224;
 172  4248  4248;
 173  4273  4273;
 174  4297  4297;
 175  4321  4321;
 176  4345  4345;
 177  4370  4370;
 178  4394  4394;
 179  4418  4418;
 180  4442  4442;
 181  4467  4467;
 182  4491  4491;
 183  4515  4515;
 184  4539  4539;
 185  4563  4563;
 186  4587  4587;
 187  4612  4612;
 188  4636  4636;
 189  4660  4660;
 190  4684  4684;
 191  4708  4708;
 192  4732  4732;
 193  4756  4756;
 194  4780  4780;
 195  4804  4804;
 196  4828  4828;
 197  4852  4852;
 198  4876  4876;
 199  4900  4900;
 200  4924  4924;
 201  4948  4948;
 202  4972  4972;
 203  4996  4996;
 204  5020  5020;
 205  5044  5044;
 206  5068  5068;
 207  5092  5092;
 208  5115  5115;
 209  5139  5139;
 210  5163  5163;
 211  5187  5187;
 212  5211  5211;
 213  5235  5235;
 214  5258  5258;
 215  5282  5282;
 216  5306  5306;
 217  5330  5330;
 218  5353  5353;
 219  5377  5377;
 220  5401  5401;
 221  5425  5425;
 222  5448  5448;
 223  5472  5472;
 224  5496  5496;
 225  5520  5520;
 226  5543  5543;
 227  5567  5567;
 228  5590  5590;
 229  5614  5614;
 230  5637  5637;
 231  5661  5661;
 232  5684  5684;
 233  5708  5708;
 234  5732  5732;
 235  5756  5756;
 236  5779  5779;
 237  5803  5803;
 238  5826  5826;
 239  5850  5850;
 240  5873  5873;
 241  5897  5897;
 242  5920  5920;
 243  5943  5943;
 244  5966  5966;
 245  5990  5990;
 246  6013  6013;
 247  6037  6037;
 248  6060  6060;
 249  6084  6084;
 250  6107  6107;
 251  6130  6130;
 252  6153  6153;
 253  6177  6177;
 254  6200  6200;
 255  6223  6223;
 256  6246  6246;
 257  6270  6270;
 258  6293  6293;
 259  6316  6316;
 260  6339  6339;
 261  6363  6363;
 262  6386  6386;
 263  6409  6409;
 264  6432  6432;
 265  6455  6455;
 266  6478  6478;
 267  6501  6501;
 268  6524  6524;
 269  6547  6547;
 270  6570  6570;
 271  6593  6593;
 272  6616  6616;
 273  6639  6639;
 274  6662  6662;
 275  6685  6685;
 276  6708  6708;
 277  6731  6731;
 278  6754  6754;
 279  6777  6777;
 280  6800  6800;
 281  6823  6823;
 282  6845  6845;
 283  6868  6868;
 284  6891  6891;
 285  6914  6914;
 286  6937  6937;
 287  6960  6960;
 288  6982  6982;
 289  7005  7005;
 290  7027  7027;
 291  7050  7050;
 292  7073  7073;
 293  7096  7096;
 294  7118  7118;
 295  7141  7141;
 296  7163  7163;
 297  7186  7186;
 298  7208  7208;
 299  7231  7231;
 300  7253  7253;
 301  7276  7276;
 302  7298  7298;
 303  7321  7321;
 304  7343  7343;
 305  7366  7366;
 306  7388  7388;
 307  7411  7411;
 308  7433  7433;
 309  7456  7456;
 310  7478  7478;
 311  7501  7501;
 312  7523  7523;
 313  7545  7545;
 314  7567  7567;
 315  7590  7590;
 316  7612  7612;
 317  7635  7635;
 318  7657  7657;
 319  7679  7679;
 320  7701  7701;
 321  7723  7723;
 322  7745  7745;
 323  7768  7768;
 324  7790  7790;
 325  7812  7812;
 326  7834  7834;
 327  7856  7856;
 328  7878  7878;
 329  7900  7900;
 330  7922  7922;
 331  7944  7944;
 332  7966  7966;
 333  7988  7988;
 334  8010  8010;
 335  8032  8032;
 336  8054  8054;
 337  8076  8076;
 338  8097  8097;
 339  8119  8119;
 340  8141  8141;
 341  8163  8163;
 342  8185  8185;
 343  8207  8207;
 344  8228  8228;
 345  8250  8250;
 346  8271  8271;
 347  8293  8293;
 348  8315  8315;
 349  8337  8337;
 350  8358  8358;
 351  8380  8380;
 352  8401  8401;
 353  8423  8423;
 354  8444  8444;
 355  8466  8466;
 356  8487  8487;
 357  8509  8509;
 358  8530  8530;
 359  8552  8552;
 360  8573  8573;
 361  8595  8595;
 362  8616  8616;
 363  8638  8638;
 364  8659  8659;
 365  8680  8680;
 366  8701  8701;
 367  8723  8723;
 368  8744  8744;
 369  8765  8765;
 370  8786  8786;
 371  8808  8808;
 372  8829  8829;
 373  8850  8850;
 374  8871  8871;
 375  8892  8892;
 376  8913  8913;
 377  8935  8935;
 378  8956  8956;
 379  8977  8977;
 380  8998  8998;
 381  9019  9019;
 382  9040  9040;
 383  9061  9061;
 384  9081  9081;
 385  9102  9102;
 386  9123  9123;
 387  9144  9144;
 388  9165  9165;
 389  9186  9186;
 390  9206  9206;
 391  9227  9227;
 392  9248  9248;
 393  9269  9269;
 394  9289  9289;
 395  9310  9310;
 396  9331  9331;
 397  9352  9352;
 398  9372  9372;
 399  9393  9393;
 400  9413  9413;
 401  9434  9434;
 402  9454  9454;
 403  9475  9475;
 404  9495  9495;
 405  9516  9516;
 406  9536  9536;
 407  9557  9557;
 408  9577  9577;
 409  9598  9598;
 410  9618  9618;
 411  9638  9638;
 412  9658  9658;
 413  9679  9679;
 414  9699  9699;
 415  9720  9720;
 416  9740  9740;
 417  9760  9760;
 418  9780  9780;
 419  9800  9800;
 420  9820  9820;
 421  9841  9841;
 422  9861  9861;
 423  9881  9881;
 424  9901  9901;
 425  9921  9921;
 426  9941  9941;
 427  9961  9961;
 428  9981  9981;
 429 10001 10001;
 430 10020 10020;
 431 10040 10040;
 432 10060 10060;
 433 10080 10080;
 434 10100 10100;
 435 10120 10120;
 436 10139 10139;
 437 10159 10159;
 438 10178 10178;
 439 10198 10198;
 440 10218 10218;
 441 10238 10238;
 442 10257 10257;
