output = [
   0 16384     0;
   1 16384     0;
   2 16384    25;
   3 16384    50;
   4 16384    75;
   5 16384   101;
   6 16383   126;
   7 16383   151;
   8 16383   176;
   9 16383   201;
  10 16382   226;
  11 16382   251;
  12 16381   276;
  13 16381   302;
  14 16380   327;
  15 16380   352;
  16 16379   377;
  17 16379   402;
  18 16378   427;
  19 16378   452;
  20 16377   477;
  21 16376   503;
  22 16375   528;
  23 16375   553;
  24 16374   578;
  25 16373   603;
  26 16372   628;
  27 16371   653;
  28 16370   678;
  29 16369   704;
  30 16368   729;
  31 16367   754;
  32 16365   779;
  33 16364   804;
  34 16363   829;
  35 16362   854;
  36 16360   879;
  37 16359   904;
  38 16357   929;
  39 16356   955;
  40 16354   980;
  41 16353  1005;
  42 16351  1030;
  43 16350  1055;
  44 16348  1080;
  45 16347  1105;
  46 16345  1130;
  47 16343  1155;
  48 16341  1180;
  49 16340  1205;
  50 16338  1230;
  51 16336  1255;
  52 16334  1280;
  53 16332  1306;
  54 16330  1331;
  55 16328  1356;
  56 16326  1381;
  57 16324  1406;
  58 16321  1431;
  59 16319  1456;
  60 16317  1481;
  61 16315  1506;
  62 16312  1531;
  63 16310  1556;
  64 16307  1581;
  65 16305  1606;
  66 16302  1631;
  67 16300  1656;
  68 16297  1681;
  69 16295  1706;
  70 16292  1731;
  71 16290  1756;
  72 16287  1781;
  73 16284  1806;
  74 16281  1831;
  75 16279  1856;
  76 16276  1881;
  77 16273  1906;
  78 16270  1931;
  79 16267  1956;
  80 16264  1981;
  81 16261  2006;
  82 16258  2030;
  83 16255  2055;
  84 16251  2080;
  85 16248  2105;
  86 16245  2130;
  87 16242  2155;
  88 16238  2180;
  89 16235  2205;
  90 16231  2230;
  91 16228  2255;
  92 16224  2280;
  93 16221  2305;
  94 16217  2329;
  95 16214  2354;
  96 16210  2379;
  97 16207  2404;
  98 16203  2429;
  99 16199  2454;
 100 16195  2478;
 101 16192  2503;
 102 16188  2528;
 103 16184  2553;
 104 16180  2578;
 105 16176  2603;
 106 16172  2627;
 107 16168  2652;
 108 16164  2677;
 109 16160  2702;
 110 16155  2727;
 111 16151  2752;
 112 16147  2776;
 113 16143  2801;
 114 16138  2826;
 115 16134  2851;
 116 16129  2875;
 117 16125  2900;
 118 16120  2924;
 119 16116  2949;
 120 16111  2974;
 121 16107  2999;
 122 16102  3023;
 123 16098  3048;
 124 16093  3073;
 125 16088  3098;
 126 16083  3122;
 127 16079  3147;
 128 16074  3171;
 129 16069  3196;
 130 16064  3221;
 131 16059  3246;
 132 16054  3270;
 133 16049  3295;
 134 16044  3319;
 135 16039  3344;
 136 16034  3368;
 137 16029  3393;
 138 16023  3417;
 139 16018  3442;
 140 16013  3467;
 141 16008  3492;
 142 16002  3516;
 143 15997  3541;
 144 15991  3565;
 145 15986  3590;
 146 15980  3614;
 147 15975  3639;
 148 15969  3663;
 149 15964  3688;
 150 15958  3712;
 151 15952  3737;
 152 15946  3761;
 153 15941  3786;
 154 15935  3810;
 155 15929  3835;
 156 15923  3859;
 157 15917  3883;
 158 15911  3907;
 159 15905  3932;
 160 15899  3956;
 161 15893  3981;
 162 15887  4005;
 163 15881  4030;
 164 15874  4054;
 165 15868  4078;
 166 15862  4102;
 167 15856  4127;
 168 15849  4151;
 169 15843  4176;
 170 15836  4200;
 171 15830  4224;
 172 15823  4248;
 173 15817  4273;
 174 15810  4297;
 175 15804  4321;
 176 15797  4345;
 177 15791  4370;
 178 15784  4394;
 179 15777  4418;
 180 15770  4442;
 181 15763  4467;
 182 15756  4491;
 183 15750  4515;
 184 15743  4539;
 185 15736  4563;
 186 15729  4587;
 187 15722  4612;
 188 15714  4636;
 189 15707  4660;
 190 15700  4684;
 191 15693  4708;
 192 15686  4732;
 193 15679  4756;
 194 15671  4780;
 195 15664  4804;
 196 15656  4828;
 197 15649  4852;
 198 15641  4876;
 199 15634  4900;
 200 15626  4924;
 201 15619  4948;
 202 15611  4972;
 203 15604  4996;
 204 15596  5020;
 205 15588  5044;
 206 15580  5068;
 207 15573  5092;
 208 15565  5115;
 209 15557  5139;
 210 15549  5163;
 211 15541  5187;
 212 15533  5211;
 213 15525  5235;
 214 15517  5258;
 215 15509  5282;
 216 15501  5306;
 217 15493  5330;
 218 15484  5353;
 219 15476  5377;
 220 15468  5401;
 221 15460  5425;
 222 15451  5448;
 223 15443  5472;
 224 15434  5496;
 225 15426  5520;
 226 15417  5543;
 227 15409  5567;
 228 15400  5590;
 229 15392  5614;
 230 15383  5637;
 231 15375  5661;
 232 15366  5684;
 233 15357  5708;
 234 15348  5732;
 235 15340  5756;
 236 15331  5779;
 237 15322  5803;
 238 15313  5826;
 239 15304  5850;
 240 15295  5873;
 241 15286  5897;
 242 15277  5920;
 243 15268  5943;
 244 15259  5966;
 245 15250  5990;
 246 15240  6013;
 247 15231  6037;
 248 15222  6060;
 249 15213  6084;
 250 15203  6107;
 251 15194  6130;
 252 15184  6153;
 253 15175  6177;
 254 15165  6200;
 255 15156  6223;
 256 15146  6246;
 257 15137  6270;
 258 15127  6293;
 259 15118  6316;
 260 15108  6339;
 261 15098  6363;
 262 15088  6386;
 263 15078  6409;
 264 15068  6432;
 265 15059  6455;
 266 15049  6478;
 267 15039  6501;
 268 15029  6524;
 269 15019  6547;
 270 15009  6570;
 271 14999  6593;
 272 14988  6616;
 273 14978  6639;
 274 14968  6662;
 275 14958  6685;
 276 14947  6708;
 277 14937  6731;
 278 14927  6754;
 279 14917  6777;
 280 14906  6800;
 281 14896  6823;
 282 14885  6845;
 283 14875  6868;
 284 14864  6891;
 285 14854  6914;
 286 14843  6937;
 287 14832  6960;
 288 14821  6982;
 289 14811  7005;
 290 14800  7027;
 291 14789  7050;
 292 14778  7073;
 293 14768  7096;
 294 14757  7118;
 295 14746  7141;
 296 14735  7163;
 297 14724  7186;
 298 14713  7208;
 299 14702  7231;
 300 14691  7253;
 301 14680  7276;
 302 14668  7298;
 303 14657  7321;
 304 14646  7343;
 305 14635  7366;
 306 14623  7388;
 307 14612  7411;
 308 14600  7433;
 309 14589  7456;
 310 14577  7478;
 311 14566  7501;
 312 14554  7523;
 313 14543  7545;
 314 14531  7567;
 315 14520  7590;
 316 14508  7612;
 317 14497  7635;
 318 14485  7657;
 319 14473  7679;
 320 14461  7701;
 321 14449  7723;
 322 14437  7745;
 323 14426  7768;
 324 14414  7790;
 325 14402  7812;
 326 14390  7834;
 327 14378  7856;
 328 14366  7878;
 329 14354  7900;
 330 14341  7922;
 331 14329  7944;
 332 14317  7966;
 333 14305  7988;
 334 14292  8010;
 335 14280  8032;
 336 14268  8054;
 337 14256  8076;
 338 14243  8097;
 339 14231  8119;
 340 14218  8141;
 341 14206  8163;
 342 14193  8185;
 343 14181  8207;
 344 14168  8228;
 345 14155  8250;
 346 14142  8271;
 347 14130  8293;
 348 14117  8315;
 349 14104  8337;
 350 14091  8358;
 351 14079  8380;
 352 14066  8401;
 353 14053  8423;
 354 14040  8444;
 355 14027  8466;
 356 14014  8487;
 357 14001  8509;
 358 13988  8530;
 359 13975  8552;
 360 13962  8573;
 361 13949  8595;
 362 13935  8616;
 363 13922  8638;
 364 13909  8659;
 365 13896  8680;
 366 13882  8701;
 367 13869  8723;
 368 13855  8744;
 369 13842  8765;
 370 13828  8786;
 371 13815  8808;
 372 13801  8829;
 373 13788  8850;
 374 13774  8871;
 375 13761  8892;
 376 13747  8913;
 377 13733  8935;
 378 13719  8956;
 379 13706  8977;
 380 13692  8998;
 381 13678  9019;
 382 13664  9040;
 383 13651  9061;
 384 13637  9081;
 385 13623  9102;
 386 13609  9123;
 387 13595  9144;
 388 13581  9165;
 389 13567  9186;
 390 13552  9206;
 391 13538  9227;
 392 13524  9248;
 393 13510  9269;
 394 13496  9289;
 395 13482  9310;
 396 13467  9331;
 397 13453  9352;
 398 13438  9372;
 399 13424  9393;
 400 13409  9413;
 401 13395  9434;
 402 13380  9454;
 403 13366  9475;
 404 13351  9495;
 405 13337  9516;
 406 13322  9536;
 407 13308  9557;
 408 13293  9577;
 409 13279  9598;
 410 13264  9618;
 411 13249  9638;
 412 13234  9658;
 413 13219  9679;
 414 13204  9699;
 415 13190  9720;
 416 13175  9740;
 417 13160  9760;
 418 13145  9780;
 419 13130  9800;
 420 13115  9820;
 421 13100  9841;
 422 13084  9861;
 423 13069  9881;
 424 13054  9901;
 425 13039  9921;
 426 13023  9941;
 427 13008  9961;
 428 12993  9981;
 429 12978 10001;
 430 12962 10020;
 431 12947 10040;
 432 12931 10060;
 433 12916 10080;
 434 12900 10100;
 435 12885 10120;
 436 12869 10139;
 437 12854 10159;
 438 12838 10178;
 439 12823 10198;
 440 12807 10218;
 441 12792 10238;
 442 12776 10257;
