output = [
   0 16384     0;
   1 16384    25;
   2 16384    50;
   3 16384    75;
   4 16384   101;
   5 16383   126;
   6 16383   151;
   7 16383   176;
   8 16383   201;
   9 16382   226;
  10 16382   251;
  11 16381   276;
  12 16381   302;
  13 16380   327;
  14 16380   352;
  15 16379   377;
  16 16379   402;
  17 16378   427;
  18 16378   452;
  19 16377   477;
  20 16376   503;
  21 16375   528;
  22 16375   553;
  23 16374   578;
  24 16373   603;
  25 16372   628;
  26 16371   653;
  27 16370   678;
  28 16369   704;
  29 16368   729;
  30 16367   754;
  31 16365   779;
  32 16364   804;
  33 16363   829;
  34 16362   854;
  35 16360   879;
  36 16359   904;
  37 16357   929;
  38 16356   955;
  39 16354   980;
  40 16353  1005;
  41 16351  1030;
  42 16350  1055;
  43 16348  1080;
  44 16347  1105;
  45 16345  1130;
  46 16343  1155;
  47 16341  1180;
  48 16340  1205;
  49 16338  1230;
  50 16336  1255;
  51 16334  1280;
  52 16332  1306;
  53 16330  1331;
  54 16328  1356;
  55 16326  1381;
  56 16324  1406;
  57 16321  1431;
  58 16319  1456;
  59 16317  1481;
  60 16315  1506;
  61 16312  1531;
  62 16310  1556;
  63 16307  1581;
  64 16305  1606;
  65 16302  1631;
  66 16300  1656;
  67 16297  1681;
  68 16295  1706;
  69 16292  1731;
  70 16290  1756;
  71 16287  1781;
  72 16284  1806;
  73 16281  1831;
  74 16279  1856;
  75 16276  1881;
  76 16273  1906;
  77 16270  1931;
  78 16267  1956;
  79 16264  1981;
  80 16261  2006;
  81 16258  2030;
  82 16255  2055;
  83 16251  2080;
  84 16248  2105;
  85 16245  2130;
  86 16242  2155;
  87 16238  2180;
  88 16235  2205;
  89 16231  2230;
  90 16228  2255;
  91 16224  2280;
  92 16221  2305;
  93 16217  2329;
  94 16214  2354;
  95 16210  2379;
  96 16207  2404;
  97 16203  2429;
  98 16199  2454;
  99 16195  2478;
 100 16192  2503;
 101 16188  2528;
 102 16184  2553;
 103 16180  2578;
 104 16176  2603;
 105 16172  2627;
 106 16168  2652;
 107 16164  2677;
 108 16160  2702;
 109 16155  2727;
 110 16151  2752;
 111 16147  2776;
 112 16143  2801;
 113 16138  2826;
 114 16134  2851;
 115 16129  2875;
 116 16125  2900;
 117 16120  2924;
 118 16116  2949;
 119 16111  2974;
 120 16107  2999;
 121 16102  3023;
 122 16098  3048;
 123 16093  3073;
 124 16088  3098;
 125 16083  3122;
 126 16079  3147;
 127 16074  3171;
 128 16069  3196;
 129 16064  3221;
 130 16059  3246;
 131 16054  3270;
 132 16049  3295;
 133 16044  3319;
 134 16039  3344;
 135 16034  3368;
 136 16029  3393;
 137 16023  3417;
 138 16018  3442;
 139 16013  3467;
 140 16008  3492;
 141 16002  3516;
 142 15997  3541;
 143 15991  3565;
 144 15986  3590;
 145 15980  3614;
 146 15975  3639;
 147 15969  3663;
 148 15964  3688;
 149 15958  3712;
 150 15952  3737;
 151 15946  3761;
 152 15941  3786;
 153 15935  3810;
 154 15929  3835;
 155 15923  3859;
 156 15917  3883;
 157 15911  3907;
 158 15905  3932;
 159 15899  3956;
 160 15893  3981;
 161 15887  4005;
 162 15881  4030;
 163 15874  4054;
 164 15868  4078;
 165 15862  4102;
 166 15856  4127;
 167 15849  4151;
 168 15843  4176;
 169 15836  4200;
 170 15830  4224;
 171 15823  4248;
 172 15817  4273;
 173 15810  4297;
 174 15804  4321;
 175 15797  4345;
 176 15791  4370;
 177 15784  4394;
 178 15777  4418;
 179 15770  4442;
 180 15763  4467;
 181 15756  4491;
 182 15750  4515;
 183 15743  4539;
 184 15736  4563;
 185 15729  4587;
 186 15722  4612;
 187 15714  4636;
 188 15707  4660;
 189 15700  4684;
 190 15693  4708;
 191 15686  4732;
 192 15679  4756;
 193 15671  4780;
 194 15664  4804;
 195 15656  4828;
 196 15649  4852;
 197 15641  4876;
 198 15634  4900;
 199 15626  4924;
 200 15619  4948;
 201 15611  4972;
 202 15604  4996;
 203 15596  5020;
 204 15588  5044;
 205 15580  5068;
 206 15573  5092;
 207 15565  5115;
 208 15557  5139;
 209 15549  5163;
 210 15541  5187;
 211 15533  5211;
 212 15525  5235;
 213 15517  5258;
 214 15509  5282;
 215 15501  5306;
 216 15493  5330;
 217 15484  5353;
 218 15476  5377;
 219 15468  5401;
 220 15460  5425;
 221 15451  5448;
 222 15443  5472;
 223 15434  5496;
 224 15426  5520;
 225 15417  5543;
 226 15409  5567;
 227 15400  5590;
 228 15392  5614;
 229 15383  5637;
 230 15375  5661;
 231 15366  5684;
 232 15357  5708;
 233 15348  5732;
 234 15340  5756;
 235 15331  5779;
 236 15322  5803;
 237 15313  5826;
 238 15304  5850;
 239 15295  5873;
 240 15286  5897;
 241 15277  5920;
 242 15268  5943;
 243 15259  5966;
 244 15250  5990;
 245 15240  6013;
 246 15231  6037;
 247 15222  6060;
 248 15213  6084;
 249 15203  6107;
 250 15194  6130;
 251 15184  6153;
 252 15175  6177;
 253 15165  6200;
 254 15156  6223;
 255 15146  6246;
 256 15137  6270;
 257 15127  6293;
 258 15118  6316;
 259 15108  6339;
 260 15098  6363;
 261 15088  6386;
 262 15078  6409;
 263 15068  6432;
 264 15059  6455;
 265 15049  6478;
 266 15039  6501;
 267 15029  6524;
 268 15019  6547;
 269 15009  6570;
 270 14999  6593;
 271 14988  6616;
 272 14978  6639;
 273 14968  6662;
 274 14958  6685;
 275 14947  6708;
 276 14937  6731;
 277 14927  6754;
 278 14917  6777;
 279 14906  6800;
 280 14896  6823;
 281 14885  6845;
 282 14875  6868;
 283 14864  6891;
 284 14854  6914;
 285 14843  6937;
 286 14832  6960;
 287 14821  6982;
 288 14811  7005;
 289 14800  7027;
 290 14789  7050;
 291 14778  7073;
 292 14768  7096;
 293 14757  7118;
 294 14746  7141;
 295 14735  7163;
 296 14724  7186;
 297 14713  7208;
 298 14702  7231;
 299 14691  7253;
 300 14680  7276;
 301 14668  7298;
 302 14657  7321;
 303 14646  7343;
 304 14635  7366;
 305 14623  7388;
 306 14612  7411;
 307 14600  7433;
 308 14589  7456;
 309 14577  7478;
 310 14566  7501;
 311 14554  7523;
 312 14543  7545;
 313 14531  7567;
 314 14520  7590;
 315 14508  7612;
 316 14497  7635;
 317 14485  7657;
 318 14473  7679;
 319 14461  7701;
 320 14449  7723;
 321 14437  7745;
 322 14426  7768;
 323 14414  7790;
 324 14402  7812;
 325 14390  7834;
 326 14378  7856;
 327 14366  7878;
 328 14354  7900;
 329 14341  7922;
 330 14329  7944;
 331 14317  7966;
 332 14305  7988;
 333 14292  8010;
 334 14280  8032;
 335 14268  8054;
 336 14256  8076;
 337 14243  8097;
 338 14231  8119;
 339 14218  8141;
 340 14206  8163;
 341 14193  8185;
 342 14181  8207;
 343 14168  8228;
 344 14155  8250;
 345 14142  8271;
 346 14130  8293;
 347 14117  8315;
 348 14104  8337;
 349 14091  8358;
 350 14079  8380;
 351 14066  8401;
 352 14053  8423;
 353 14040  8444;
 354 14027  8466;
 355 14014  8487;
 356 14001  8509;
 357 13988  8530;
 358 13975  8552;
 359 13962  8573;
 360 13949  8595;
 361 13935  8616;
 362 13922  8638;
 363 13909  8659;
 364 13896  8680;
 365 13882  8701;
 366 13869  8723;
 367 13855  8744;
 368 13842  8765;
 369 13828  8786;
 370 13815  8808;
 371 13801  8829;
 372 13788  8850;
 373 13774  8871;
 374 13761  8892;
 375 13747  8913;
 376 13733  8935;
 377 13719  8956;
 378 13706  8977;
 379 13692  8998;
 380 13678  9019;
 381 13664  9040;
 382 13651  9061;
 383 13637  9081;
 384 13623  9102;
 385 13609  9123;
 386 13595  9144;
 387 13581  9165;
 388 13567  9186;
 389 13552  9206;
 390 13538  9227;
 391 13524  9248;
 392 13510  9269;
 393 13496  9289;
 394 13482  9310;
 395 13467  9331;
 396 13453  9352;
 397 13438  9372;
 398 13424  9393;
 399 13409  9413;
 400 13395  9434;
 401 13380  9454;
 402 13366  9475;
 403 13351  9495;
 404 13337  9516;
 405 13322  9536;
 406 13308  9557;
 407 13293  9577;
 408 13279  9598;
 409 13264  9618;
 410 13249  9638;
 411 13234  9658;
 412 13219  9679;
 413 13204  9699;
 414 13190  9720;
 415 13175  9740;
 416 13160  9760;
 417 13145  9780;
 418 13130  9800;
 419 13115  9820;
 420 13100  9841;
 421 13084  9861;
 422 13069  9881;
 423 13054  9901;
 424 13039  9921;
 425 13023  9941;
 426 13008  9961;
 427 12993  9981;
 428 12978 10001;
 429 12962 10020;
 430 12947 10040;
 431 12931 10060;
 432 12916 10080;
 433 12900 10100;
 434 12885 10120;
 435 12869 10139;
 436 12854 10159;
 437 12838 10178;
 438 12823 10198;
 439 12807 10218;
 440 12792 10238;
 441 12776 10257;
 442 12760 10277;
